<?xml version="1.0"?>
<opencv_storage>
<classifications type_id="opencv-matrix">
  <rows>248</rows>
  <cols>1</cols>
  <dt>i</dt>
  <data>
    90 90 89 89 89 88 88 90 89 90 90 89 89 90 89 90 88 88 87 88 88 86 87
    87 88 87 87 86 87 86 86 86 85 86 86 85 85 85 82 82 82 82 82 83 83 82
    83 83 82 83 84 83 83 84 84 84 84 84 84 85 85 85 81 81 81 81 81 81 80
    80 80 80 80 81 80 80 79 79 79 79 79 79 79 78 76 76 77 76 75 75 76 75
    75 77 76 77 76 77 77 77 76 78 77 78 78 78 78 78 75 74 75 74 74 75 74
    74 73 74 74 73 73 73 73 72 73 72 72 72 72 69 69 69 69 70 70 69 69 70
    70 68 71 70 69 70 71 68 72 70 68 72 71 71 71 71 67 68 67 68 67 67 67
    68 68 66 65 67 65 66 65 66 66 66 67 65 66 66 65 55 55 55 55 55 55 56
    55 56 65 56 56 57 57 65 57 57 56 57 57 57 56 56 52 54 54 54 54 53 52
    53 54 52 54 52 54 53 51 52 53 53 53 53 52 52 52 51 48 51 51 51 49 48
    49 49 48 51 50 50 48 50 49 49 50 50 48 48 50 50 49 48</data></classifications>
</opencv_storage>
